pos	G	A	T	C
0	0.234396	0.262962	0.269087	0.233555
1	0.289307	0.255341	0.218103	0.237248
2	0.238090	0.293281	0.238651	0.229978
3	0.238253	0.268759	0.259619	0.233368
4	0.289331	0.262050	0.215088	0.233531
5	0.237085	0.300271	0.238604	0.224041
6	0.235659	0.266959	0.260414	0.236968
7	0.286853	0.260554	0.216280	0.236313
8	0.235472	0.298167	0.238417	0.227944
9	0.235121	0.266305	0.265370	0.233204
10	0.288302	0.259409	0.215088	0.237201
11	0.238674	0.294310	0.236594	0.230422
12	0.236851	0.263289	0.266936	0.232924
13	0.300878	0.252747	0.220347	0.226028
14	0.238324	0.294310	0.240053	0.227313
15	0.231381	0.270396	0.262191	0.236033
16	0.301907	0.253916	0.218874	0.225303
17	0.251999	0.290920	0.233602	0.223480
18	0.256580	0.281149	0.246201	0.216069
19	0.356280	0.248773	0.141522	0.253425
20	0.000002	0.999993	0.000002	0.000002
21	0.000002	0.000002	0.999993	0.000002
22	0.999993	0.000002	0.000002	0.000002
23	0.289424	0.300177	0.186475	0.223924
24	0.228435	0.316915	0.236033	0.218617
25	0.303263	0.273084	0.212212	0.211441
26	0.233415	0.296788	0.239703	0.230095
27	0.228342	0.268339	0.260414	0.242905
28	0.296203	0.265183	0.207023	0.231591
29	0.238978	0.298330	0.240708	0.221984
30	0.241409	0.263874	0.267427	0.227290
31	0.296040	0.259409	0.213802	0.230750
32	0.240755	0.292557	0.238627	0.228061
