pos	G	A	T	C
0	0.369779	0.406634	0.222359	0.001229
1	0.148649	0.468059	0.345209	0.038084
2	0.271499	0.394349	0.283784	0.050369
3	0.210074	0.369779	0.283784	0.136364
4	0.197789	0.308354	0.418919	0.074939
5	0.099509	0.480344	0.418919	0.001229
6	0.160934	0.369779	0.382064	0.087224
7	0.111794	0.308354	0.492629	0.087224
8	0.160934	0.234644	0.554054	0.050369
9	0.197789	0.394349	0.283784	0.124079
10	0.160934	0.455774	0.332924	0.050369
11	0.197789	0.271499	0.480344	0.050369
12	0.259214	0.406634	0.234644	0.099509
13	0.173219	0.517199	0.210074	0.099509
14	0.173219	0.234644	0.541769	0.050369
15	0.087224	0.210074	0.541769	0.160934
16	0.124079	0.382064	0.259214	0.234644
17	0.197789	0.775184	0.013514	0.013514
18	0.136364	0.529484	0.185504	0.148649
19	0.111794	0.529484	0.136364	0.222359
20	0.001229	0.996314	0.001229	0.001229
21	0.001229	0.001229	0.996314	0.001229
22	0.996314	0.001229	0.001229	0.001229
23	0.578624	0.210074	0.087224	0.124079
24	0.345209	0.197789	0.001229	0.455774
25	0.271499	0.160934	0.529484	0.038084
26	0.332924	0.308354	0.197789	0.160934
27	0.197789	0.320639	0.160934	0.320639
28	0.197789	0.394349	0.308354	0.099509
29	0.320639	0.345209	0.099509	0.234644
30	0.087224	0.529484	0.173219	0.210074
31	0.210074	0.320639	0.308354	0.160934
32	0.222359	0.308354	0.234644	0.234644
