pos	G	A	T	C
0	0.288831	0.362796	0.207470	0.140902
1	0.222263	0.344305	0.318417	0.115015
2	0.266642	0.333210	0.314719	0.085429
3	0.229660	0.359098	0.240754	0.170488
4	0.233358	0.285133	0.333210	0.148299
5	0.203772	0.318417	0.329512	0.148299
6	0.218565	0.351701	0.277737	0.151997
7	0.225962	0.362796	0.292530	0.118713
8	0.151997	0.333210	0.381287	0.133506
9	0.211169	0.396080	0.229660	0.163092
10	0.211169	0.359098	0.296228	0.133506
11	0.229660	0.270340	0.377589	0.122411
12	0.248151	0.340607	0.240754	0.170488
13	0.170488	0.362796	0.277737	0.188979
14	0.237056	0.292530	0.340607	0.129808
15	0.170488	0.277737	0.362796	0.188979
16	0.159393	0.396080	0.207470	0.237056
17	0.262944	0.603180	0.085429	0.048447
18	0.203772	0.407175	0.181583	0.207470
19	0.144601	0.418269	0.192678	0.244453
20	0.000370	0.998891	0.000370	0.000370
21	0.000370	0.000370	0.998891	0.000370
22	0.998891	0.000370	0.000370	0.000370
23	0.421967	0.329512	0.144601	0.103920
24	0.218565	0.325814	0.115015	0.340607
25	0.314719	0.240754	0.351701	0.092825
26	0.311021	0.318417	0.200074	0.170488
27	0.229660	0.299926	0.214867	0.255547
28	0.266642	0.274038	0.288831	0.170488
29	0.255547	0.311021	0.196376	0.237056
30	0.163092	0.318417	0.240754	0.277737
31	0.185281	0.277737	0.281435	0.255547
32	0.255547	0.355399	0.181583	0.207470
