pos	G	A	T	C
0	0.207695	0.306507	0.277183	0.208614
1	0.269150	0.291071	0.236632	0.203146
2	0.235519	0.317105	0.245342	0.202033
3	0.212776	0.305298	0.274570	0.207356
4	0.274570	0.286232	0.233922	0.205275
5	0.242681	0.313911	0.240213	0.203195
6	0.208905	0.309411	0.270167	0.211518
7	0.270844	0.291797	0.235035	0.202324
8	0.228745	0.322767	0.242923	0.205566
9	0.215486	0.304330	0.275635	0.204550
10	0.271134	0.289619	0.236342	0.202904
11	0.240600	0.320299	0.237600	0.201501
12	0.212147	0.305249	0.277183	0.205421
13	0.267166	0.282893	0.246407	0.203533
14	0.238132	0.309024	0.238955	0.213889
15	0.209147	0.307282	0.272538	0.211034
16	0.277909	0.293491	0.235277	0.193323
17	0.243020	0.328331	0.234116	0.194533
18	0.225599	0.321363	0.240116	0.212921
19	0.317008	0.289765	0.195985	0.197243
20	0.000005	0.999985	0.000005	0.000005
21	0.000005	0.000005	0.999985	0.000005
22	0.999985	0.000005	0.000005	0.000005
23	0.269537	0.303507	0.229954	0.197001
24	0.190420	0.353930	0.260779	0.194872
25	0.280474	0.288361	0.229664	0.201501
26	0.234600	0.324267	0.237068	0.204066
27	0.217905	0.301475	0.266489	0.214131
28	0.270699	0.299007	0.222793	0.207501
29	0.232180	0.318363	0.252262	0.197194
30	0.210986	0.307572	0.278441	0.203001
31	0.268860	0.295620	0.241568	0.193952
32	0.231261	0.328283	0.238907	0.201549
