47
JaAU_S56                                         0.0000000 0.2677320 9.0000000 0.4355228 0.6453143 0.7931205 0.2069879 0.2416957 0.2545444 1.0769252 0.2333098 0.2812768 0.6312947 0.7867913 0.2374852 0.5506116 0.2812768 0.4293308 0.6359244 1.7534963 0.5914506 1.0999178 9.0000000 9.0000000 1.2340498 1.1899035 1.7118055 1.4894626 1.3553306 0.6597384 9.0000000 0.5092346 1.0769252 9.0000000 2.1222958 0.5665492 1.9046367 9.0000000 1.6375955 9.0000000 1.0658136 1.0038789 9.0000000 1.5729896 2.1222958 9.0000000 1.4644574 
AllRoDU_clean.fasta.transdecoder.pep             0.2677320 0.0000000 9.0000000 0.3631424 0.8192702 0.6359244 0.3880094 0.3023079 0.3267627 1.2824747 0.2395860 0.3795822 0.7743683 1.0338879 0.2395860 0.6796415 0.3217751 0.4386478 0.6043824 9.0000000 0.7331685 1.4894626 2.0387687 9.0000000 1.1365195 3.3212434 9.0000000 9.0000000 9.0000000 0.7504116 9.0000000 0.6267075 2.3482883 9.0000000 9.0000000 0.7682707 9.0000000 9.0000000 9.0000000 9.0000000 1.5157844 1.7118055 9.0000000 9.0000000 9.0000000 9.0000000 9.0000000 
FatWhiteEye_clean                                9.0000000 9.0000000 0.0000000 9.0000000 0.8612529 1.6733250 2.0387687 9.0000000 9.0000000 0.7867913 9.0000000 9.0000000 0.7056891 0.9233481 9.0000000 0.8192702 9.0000000 1.7534963 2.0387687 0.5389832 0.8612529 1.0236835 0.8913372 0.2722063 0.6453143 0.7562940 0.7743683 0.8328765 0.8060244 0.9848290 0.2480788 1.0882893 0.5665492 0.7165003 0.5545487 1.2340498 0.6000345 0.4053022 0.5914506 0.1838624 0.6500763 0.5625170 0.7682707 0.7622465 0.6043824 0.4915023 0.7622465 
RO-AG_S10                                        0.4355228 0.3631424 9.0000000 0.0000000 0.8060244 0.3217751 0.5389832 0.5201840 0.5914506 0.9151512 0.4201842 0.6087684 0.7867913 0.7562940 0.3740420 0.6500763 0.6548840 0.5056375 0.5389832 9.0000000 0.6898983 9.0000000 2.2226311 9.0000000 0.9664783 2.2226311 9.0000000 9.0000000 2.2226311 0.7056891 9.0000000 0.9316817 1.5435694 9.0000000 1.2340498 0.7562940 1.7534963 9.0000000 9.0000000 9.0000000 1.6375955 1.5729896 9.0000000 9.0000000 9.0000000 9.0000000 9.0000000 
PMMFU_clean.fasta.transdecoder.pep               0.6453143 0.8192702 0.8612529 0.8060244 0.0000000 0.9575495 0.4578195 0.6221620 0.4811571 0.4293308 0.7445976 0.5238877 0.2459420 0.3023079 0.8328765 0.3685625 0.5092346 0.4232145 0.7165003 0.4777557 0.5585169 0.6597384 0.8991499 0.7622465 0.6405973 0.3685625 0.3937074 0.4141781 0.4023782 0.3994712 1.0769252 0.2905149 0.2905149 0.9401564 0.9664783 0.3119468 0.6898983 0.4985200 0.4481418 0.6221620 0.3524753 0.3267627 0.6359244 0.3937074 0.4513469 0.4610875 0.3823755 
ROWLU_2018                                       0.7931205 0.6359244 1.6733250 0.3217751 0.9575495 0.0000000 0.9233481 0.8991499 1.2188971 0.5128579 0.7504116 1.1118231 0.7165003 1.7118055 0.7165003 0.4811571 1.0658136 0.8260271 0.3446217 1.5157844 0.3192999 9.0000000 1.2658065 9.0000000 0.6951067 1.2997178 9.0000000 9.0000000 1.4179122 0.7504116 1.1624993 1.9672183 1.1899035 1.3553306 0.8913372 2.0387687 1.2188971 9.0000000 9.0000000 9.0000000 1.4644574 1.6375955 9.0000000 9.0000000 9.0000000 9.0000000 9.0000000 
BothJaVAD_clean.fasta.transdecoder.pep           0.2069879 0.3880094 2.0387687 0.5389832 0.4578195 0.9233481 0.0000000 0.3095196 0.3292753 0.7931205 0.3551208 0.3394537 0.4743773 0.5276191 0.3937074 0.4985200 0.2905149 0.3768044 0.7622465 1.0882893 0.5665492 0.7931205 9.0000000 1.7534963 0.9942632 0.7165003 0.8468635 0.7995308 0.7165003 0.6500763 2.5165244 0.3446217 0.7110655 1.9046367 1.8490239 0.3740420 1.1240188 1.1365195 0.8612529 1.2997178 0.6951067 0.6646404 1.0658136 0.8192702 0.8836447 0.9942632 0.8328765 
BothRoODH_clean.fasta.transdecoder.pep           0.2416957 0.3023079 9.0000000 0.5201840 0.6221620 0.8991499 0.3095196 0.0000000 0.2523799 1.0882893 0.2438144 0.2744585 0.6453143 0.7110655 0.2523799 0.5957242 0.2744585 0.4201842 0.7003699 1.6375955 0.7003699 1.0882893 2.2226311 9.0000000 1.1624993 1.1760137 1.3175768 1.4179122 1.4644574 0.6646404 9.0000000 0.4324172 1.0658136 2.3482883 1.9046367 0.6221620 1.7534963 9.0000000 1.3961696 9.0000000 0.9575495 0.9401564 1.9046367 1.3961696 1.5729896 2.3482883 1.2824747 
JaWTF_S54                                        0.2545444 0.3267627 9.0000000 0.5914506 0.4811571 1.2188971 0.3292753 0.2523799 0.0000000 0.9848290 0.2975573 0.1726887 0.5128579 0.6312947 0.2271113 0.5706143 0.2523799 0.4141781 0.6898983 1.2340498 0.6898983 0.8398211 9.0000000 9.0000000 1.2496760 0.9070865 0.8991499 0.9401564 0.9942632 0.5585169 9.0000000 0.3685625 0.8398211 2.3482883 1.7118055 0.4676883 1.3961696 1.4644574 0.9848290 9.0000000 0.8760688 0.8060244 1.2997178 0.9664783 1.0338879 1.2496760 0.9151512 
BothGPH_clean.fasta.transdecoder.pep             1.0769252 1.2824747 0.7867913 0.9151512 0.4293308 0.5128579 0.7931205 1.0882893 0.9848290 0.0000000 1.5435694 1.0038789 0.4513469 0.4232145 1.4894626 0.5165075 1.0882893 0.5665492 0.7931205 0.5389832 0.6043824 2.3482883 0.9233481 0.7003699 0.7275505 0.3192999 0.3472259 0.3498437 0.2459420 0.5351664 1.0658136 0.6359244 0.3908503 0.7995308 0.8913372 0.4743773 0.5276191 0.4880301 0.4262633 0.6745910 0.3937074 0.3712947 0.4743773 0.3685625 0.3823755 0.4023782 0.3420311 
AllRoRD_clean.fasta.transdecoder.pep             0.2333098 0.2395860 9.0000000 0.4201842 0.7445976 0.7504116 0.3551208 0.2438144 0.2975573 1.5435694 0.0000000 0.3071041 0.7504116 0.8760688 0.2271113 0.6796415 0.2655097 0.4513469 0.6597384 2.0387687 0.7331685 1.4406433 2.2226311 9.0000000 1.0882893 1.5729896 1.6042498 2.0387687 1.7118055 0.6951067 9.0000000 0.5351664 1.2824747 9.0000000 1.7989822 0.6405973 1.9672183 9.0000000 1.8490239 9.0000000 1.2041901 1.1240188 2.5165244 1.8490239 9.0000000 9.0000000 1.5435694 
BothJaSVD_clean.fasta.transdecoder.pep           0.2812768 0.3795822 9.0000000 0.6087684 0.5238877 1.1118231 0.3394537 0.2744585 0.1726887 1.0038789 0.3071041 0.0000000 0.5665492 0.6597384 0.2567183 0.5313785 0.2655097 0.4262633 0.6695909 1.2340498 0.6500763 1.0443050 1.9046367 2.2226311 1.0882893 0.9070865 0.9151512 1.0136831 1.0338879 0.5665492 9.0000000 0.3851845 0.8260271 1.6042498 1.7989822 0.5020661 1.5435694 1.3753333 1.0443050 1.8490239 0.8468635 0.7682707 1.2340498 0.9664783 1.0338879 1.3175768 0.8991499 
curacao_clean.fasta.transdecoder.pep             0.6312947 0.7743683 0.7056891 0.7867913 0.2459420 0.7165003 0.4743773 0.6453143 0.5128579 0.4513469 0.7504116 0.5665492 0.0000000 0.4053022 0.7622465 0.2677320 0.5276191 0.5428294 0.5165075 0.5545487 0.4610875 0.7275505 0.9575495 0.7110655 0.5665492 0.3994712 0.4845818 0.5092346 0.4545728 0.4324172 0.7743683 0.4023782 0.2975573 0.8686060 0.6796415 0.3994712 0.6267075 0.5872133 0.4710216 0.6646404 0.3768044 0.3768044 0.6221620 0.4985200 0.4880301 0.5056375 0.4449571 
AllBzSVU_clean.fasta.transdecoder.pep            0.7867913 1.0338879 0.9233481 0.7562940 0.3023079 1.7118055 0.5276191 0.7110655 0.6312947 0.4232145 0.8760688 0.6597384 0.4053022 0.0000000 0.9755695 0.6745910 0.6221620 0.4232145 2.7719373 0.4845818 0.9664783 1.3360974 0.9487773 0.6745910 0.8913372 0.2271113 0.2250622 0.2523799 0.2610947 0.5313785 1.2340498 0.2812768 0.2951988 0.7682707 1.1118231 0.2480788 0.5625170 0.3740420 0.3394537 0.5706143 0.3071041 0.2523799 0.4578195 0.2589017 0.2610947 0.2951988 0.2209888 
JaWLU_S67                                        0.2374852 0.2395860 9.0000000 0.3740420 0.8328765 0.7165003 0.3937074 0.2523799 0.2271113 1.4894626 0.2271113 0.2567183 0.7622465 0.9755695 0.0000000 0.7003699 0.3119468 0.4710216 0.5957242 9.0000000 0.6597384 1.9672183 9.0000000 9.0000000 1.0882893 9.0000000 9.0000000 9.0000000 9.0000000 0.6646404 9.0000000 0.6000345 1.8490239 9.0000000 1.6375955 0.6597384 2.3482883 9.0000000 9.0000000 9.0000000 1.5157844 1.4644574 9.0000000 9.0000000 9.0000000 9.0000000 9.0000000 
Korn_hast_c_clean.fasta.transdecoder.pep         0.5506116 0.6796415 0.8192702 0.6500763 0.3685625 0.4811571 0.4985200 0.5957242 0.5706143 0.5165075 0.6796415 0.5313785 0.2677320 0.6745910 0.7003699 0.0000000 0.6043824 0.6131932 0.2523799 0.6453143 0.3071041 0.7931205 1.0882893 0.9487773 0.5313785 0.6453143 0.8612529 0.8991499 0.6847436 0.4417925 0.8328765 0.6695909 0.4610875 0.9575495 0.6951067 0.6267075 0.8760688 0.8398211 0.7562940 0.8760688 0.5128579 0.5914506 0.8836447 0.8060244 0.8836447 0.9233481 0.7805412 
BothJaOBD_clean.fasta.transdecoder.pep           0.2812768 0.3217751 9.0000000 0.6548840 0.5092346 1.0658136 0.2905149 0.2744585 0.2523799 1.0882893 0.2655097 0.2655097 0.5276191 0.6221620 0.3119468 0.6043824 0.0000000 0.4082433 0.7805412 1.2658065 0.6221620 0.8398211 1.5729896 3.3212434 1.0443050 0.8468635 0.8991499 0.9755695 0.9755695 0.5665492 9.0000000 0.3472259 0.7504116 1.6042498 1.5729896 0.4417925 1.3553306 1.3360974 0.9664783 1.9672183 0.8060244 0.7445976 1.4644574 0.9664783 1.0549437 1.1624993 0.8836447 
AllBzVAD_clean.fasta.transdecoder.pep            0.4293308 0.4386478 1.7534963 0.5056375 0.4232145 0.8260271 0.3768044 0.4201842 0.4141781 0.5665492 0.4513469 0.4262633 0.5428294 0.4232145 0.4710216 0.6131932 0.4082433 0.0000000 0.8760688 0.7931205 0.8060244 1.1624993 1.3360974 1.2041901 0.8836447 0.5313785 0.6087684 0.6312947 0.5706143 0.6176575 2.3482883 0.3577804 0.6087684 1.5435694 1.1760137 0.3143858 0.8540064 0.8192702 0.7056891 1.0236835 0.6043824 0.5092346 0.8760688 0.6359244 0.6500763 0.6847436 0.5830116 
BothRoCMU_clean.fasta.transdecoder.pep           0.6359244 0.6043824 2.0387687 0.5389832 0.7165003 0.3446217 0.7622465 0.7003699 0.6898983 0.7931205 0.6597384 0.6695909 0.5165075 2.7719373 0.5957242 0.2523799 0.7805412 0.8760688 0.0000000 1.4894626 0.3368896 1.4644574 1.3961696 1.6733250 0.6312947 9.0000000 9.0000000 9.0000000 9.0000000 0.5313785 1.1760137 1.3753333 1.2041901 1.2997178 0.8540064 1.6733250 1.5729896 9.0000000 9.0000000 9.0000000 1.1365195 1.8490239 9.0000000 9.0000000 9.0000000 9.0000000 9.0000000 
Gigantocypris_clean                              1.7534963 9.0000000 0.5389832 9.0000000 0.4777557 1.5157844 1.0882893 1.6375955 1.2340498 0.5389832 2.0387687 1.2340498 0.5545487 0.4845818 9.0000000 0.6453143 1.2658065 0.7931205 1.4894626 0.0000000 0.9151512 1.0549437 0.6548840 0.5351664 0.6796415 0.3740420 0.3192999 0.3631424 0.3795822 0.7805412 0.5788449 0.6405973 0.3343386 0.5957242 0.6359244 0.5665492 0.3994712 0.3318005 0.3192999 0.4811571 0.3851845 0.3168368 0.3795822 0.3047003 0.3420311 0.3343386 0.3047003 
Gruber_Pannecohenae_clean.fasta.transdecoder.pep 0.5914506 0.7331685 0.8612529 0.6898983 0.5585169 0.3192999 0.5665492 0.7003699 0.6898983 0.6043824 0.7331685 0.6500763 0.4610875 0.9664783 0.6597384 0.3071041 0.6221620 0.8060244 0.3368896 0.9151512 0.0000000 0.9233481 0.9664783 0.8836447 0.5625170 0.8260271 1.6375955 1.8490239 0.8836447 0.5092346 0.9942632 0.8060244 0.6695909 0.8060244 0.8126035 0.9151512 0.9942632 1.5435694 1.0769252 0.9575495 0.7622465 0.9316817 1.0882893 1.5729896 1.6042498 1.6375955 1.3360974 
RoIR_S66                                         1.0999178 1.4894626 1.0236835 9.0000000 0.6597384 9.0000000 0.7931205 1.0882893 0.8398211 2.3482883 1.4406433 1.0443050 0.7275505 1.3360974 1.9672183 0.7931205 0.8398211 1.1624993 1.4644574 1.0549437 0.9233481 0.0000000 9.0000000 2.5165244 1.2496760 9.0000000 9.0000000 9.0000000 9.0000000 2.1222958 1.1118231 0.7867913 1.0038789 2.3482883 1.0999178 1.1493407 9.0000000 1.7118055 1.7534963 1.1624993 1.5729896 1.7118055 9.0000000 9.0000000 9.0000000 9.0000000 9.0000000 
Euph_microasciformis_clean                       9.0000000 2.0387687 0.8913372 2.2226311 0.8991499 1.2658065 9.0000000 2.2226311 9.0000000 0.9233481 2.2226311 1.9046367 0.9575495 0.9487773 9.0000000 1.0882893 1.5729896 1.3360974 1.3961696 0.6548840 0.9664783 9.0000000 0.0000000 0.7995308 0.7219949 0.7743683 0.6043824 0.7388504 0.6951067 0.8192702 0.8913372 1.0338879 0.6898983 0.3047003 0.7165003 1.1624993 0.7219949 0.8260271 0.5545487 0.9233481 0.6548840 0.7165003 0.5128579 0.6405973 0.6847436 0.7110655 0.5957242 
LongWhiteEye_clean.fasta.transdecoder.pep        9.0000000 9.0000000 0.2722063 9.0000000 0.7622465 9.0000000 1.7534963 9.0000000 9.0000000 0.7003699 9.0000000 2.2226311 0.7110655 0.6745910 9.0000000 0.9487773 3.3212434 1.2041901 1.6733250 0.5351664 0.8836447 2.5165244 0.7995308 0.0000000 0.5872133 0.5428294 0.5020661 0.5585169 0.6000345 0.7445976 0.3937074 0.8760688 0.5165075 0.5706143 0.6745910 0.9316817 0.5092346 0.4578195 0.4811571 0.2632973 0.5276191 0.4777557 0.5276191 0.4949988 0.4643770 0.4811571 0.4743773 
LIRSCyp2_clean                                   1.2340498 1.1365195 0.6453143 0.9664783 0.6405973 0.6951067 0.9942632 1.1624993 1.2496760 0.7275505 1.0882893 1.0882893 0.5665492 0.8913372 1.0882893 0.5313785 1.0443050 0.8836447 0.6312947 0.6796415 0.5625170 1.2496760 0.7219949 0.5872133 0.0000000 0.8760688 1.0038789 1.0999178 0.9575495 0.5747127 0.5830116 0.9487773 0.5585169 0.6951067 0.5788449 0.9233481 0.6453143 0.9755695 0.7743683 0.7743683 0.5545487 0.6405973 0.8060244 0.8991499 0.9575495 1.0882893 0.9316817 
BothPmorini_clean.fasta.transdecoder.pep         1.1899035 3.3212434 0.7562940 2.2226311 0.3685625 1.2997178 0.7165003 1.1760137 0.9070865 0.3192999 1.5729896 0.9070865 0.3994712 0.2271113 9.0000000 0.6453143 0.8468635 0.5313785 9.0000000 0.3740420 0.8260271 9.0000000 0.7743683 0.5428294 0.8760688 0.0000000 0.1153343 0.1337310 0.1136949 0.5872133 1.0769252 0.3823755 0.2333098 0.6898983 0.9848290 0.3119468 0.4232145 0.2523799 0.2209888 0.4545728 0.2610947 0.2069879 0.3368896 0.1493032 0.1510637 0.1745338 0.1120609 
BothJamescasei_clean.fasta.transdecoder.pep      1.7118055 9.0000000 0.7743683 9.0000000 0.3937074 9.0000000 0.8468635 1.3175768 0.8991499 0.3472259 1.6042498 0.9151512 0.4845818 0.2250622 9.0000000 0.8612529 0.8991499 0.6087684 9.0000000 0.3192999 1.6375955 9.0000000 0.6043824 0.5020661 1.0038789 0.1153343 0.0000000 0.0565340 0.0960082 0.5506116 1.1899035 0.3795822 0.2271113 0.5665492 1.0549437 0.3047003 0.3795822 0.2011055 0.1617593 0.4386478 0.2291690 0.1563829 0.2333098 0.0550763 0.0743665 0.1104323 0.0295388 
BothJaJimGun_clean.fasta.transdecoder.pep        1.4894626 9.0000000 0.8328765 9.0000000 0.4141781 9.0000000 0.7995308 1.4179122 0.9401564 0.3498437 2.0387687 1.0136831 0.5092346 0.2523799 9.0000000 0.8991499 0.9755695 0.6312947 9.0000000 0.3631424 1.8490239 9.0000000 0.7388504 0.5585169 1.0999178 0.1337310 0.0565340 0.0000000 0.1136949 0.6131932 1.2340498 0.4171722 0.2677320 0.6312947 1.1899035 0.3119468 0.4232145 0.2312351 0.1933684 0.4676883 0.2789937 0.2030586 0.2975573 0.1055779 0.0975905 0.1388680 0.0804548 
Allmacelroy_clean.fasta.transdecoder.pep         1.3553306 9.0000000 0.8060244 2.2226311 0.4023782 1.4179122 0.7165003 1.4644574 0.9942632 0.2459420 1.7118055 1.0338879 0.4545728 0.2610947 9.0000000 0.6847436 0.9755695 0.5706143 9.0000000 0.3795822 0.8836447 9.0000000 0.6951067 0.6000345 0.9575495 0.1136949 0.0960082 0.1136949 0.0000000 0.6043824 1.3360974 0.4053022 0.2677320 0.6312947 1.0658136 0.2928514 0.3880094 0.2744585 0.2291690 0.4676883 0.2835704 0.2069879 0.2835704 0.1320303 0.1303354 0.1599608 0.1088089 
Vtsu_clean.fasta.transdecoder.pep                0.6597384 0.7504116 0.9848290 0.7056891 0.3994712 0.7504116 0.6500763 0.6646404 0.5585169 0.5351664 0.6951067 0.5665492 0.4324172 0.5313785 0.6646404 0.4417925 0.5665492 0.6176575 0.5313785 0.7805412 0.5092346 2.1222958 0.8192702 0.7445976 0.5747127 0.5872133 0.5506116 0.6131932 0.6043824 0.0000000 0.9664783 0.5351664 0.5201840 0.8398211 0.8760688 0.6131932 0.7388504 0.7931205 0.6267075 0.9151512 0.4743773 0.5313785 0.7003699 0.5665492 0.6131932 0.7504116 0.5506116 
PSKO_clean.fasta.transdecoder.pep                9.0000000 9.0000000 0.2480788 9.0000000 1.0769252 1.1624993 2.5165244 9.0000000 9.0000000 1.0658136 9.0000000 9.0000000 0.7743683 1.2340498 9.0000000 0.8328765 9.0000000 2.3482883 1.1760137 0.5788449 0.9942632 1.1118231 0.8913372 0.3937074 0.5830116 1.0769252 1.1899035 1.2340498 1.3360974 0.9664783 0.0000000 1.6042498 0.6951067 0.7275505 0.5092346 2.2226311 0.6000345 0.5165075 0.7995308 0.3685625 0.8192702 0.7682707 0.8612529 1.0443050 0.8612529 0.6745910 1.1118231 
BothSVD_clean.fasta.transdecoder.pep             0.5092346 0.6267075 1.0882893 0.9316817 0.2905149 1.9672183 0.3446217 0.4324172 0.3685625 0.6359244 0.5351664 0.3851845 0.4023782 0.2812768 0.6000345 0.6695909 0.3472259 0.3577804 1.3753333 0.6405973 0.8060244 0.7867913 1.0338879 0.8760688 0.9487773 0.3823755 0.3795822 0.4171722 0.4053022 0.5351664 1.6042498 0.0000000 0.4082433 1.0658136 1.3753333 0.2169484 0.7275505 0.5788449 0.4777557 0.6951067 0.4053022 0.3551208 0.6405973 0.4324172 0.4676883 0.4710216 0.3851845 
BothVhilg_shim_clean.fasta.transdecoder.pep      1.0769252 2.3482883 0.5665492 1.5435694 0.2905149 1.1899035 0.7110655 1.0658136 0.8398211 0.3908503 1.2824747 0.8260271 0.2975573 0.2951988 1.8490239 0.4610875 0.7504116 0.6087684 1.2041901 0.3343386 0.6695909 1.0038789 0.6898983 0.5165075 0.5585169 0.2333098 0.2271113 0.2677320 0.2677320 0.5201840 0.6951067 0.4082433 0.0000000 0.5914506 0.6500763 0.3658451 0.4710216 0.2677320 0.2744585 0.3851845 0.1933684 0.1972220 0.3994712 0.2438144 0.2589017 0.2610947 0.2109483 
Harb_slatteryi_clean.fasta.transdecoder.pep      9.0000000 9.0000000 0.7165003 9.0000000 0.9401564 1.3553306 1.9046367 2.3482883 2.3482883 0.7995308 9.0000000 1.6042498 0.8686060 0.7682707 9.0000000 0.9575495 1.6042498 1.5435694 1.2997178 0.5957242 0.8060244 2.3482883 0.3047003 0.5706143 0.6951067 0.6898983 0.5665492 0.6312947 0.6312947 0.8398211 0.7275505 1.0658136 0.5914506 0.0000000 0.6405973 1.0549437 0.6176575 0.7331685 0.5351664 0.7056891 0.6312947 0.6796415 0.4610875 0.6087684 0.6312947 0.6548840 0.5665492 
Cylindroleberidinae_clean.fasta.transdecoder.pep 2.1222958 9.0000000 0.5545487 1.2340498 0.9664783 0.8913372 1.8490239 1.9046367 1.7118055 0.8913372 1.7989822 1.7989822 0.6796415 1.1118231 1.6375955 0.6951067 1.5729896 1.1760137 0.8540064 0.6359244 0.8126035 1.0999178 0.7165003 0.6745910 0.5788449 0.9848290 1.0549437 1.1899035 1.0658136 0.8760688 0.5092346 1.3753333 0.6500763 0.6405973 0.0000000 1.4406433 0.7219949 0.8260271 0.7003699 0.6796415 0.7622465 0.7867913 0.7275505 0.9942632 1.0236835 0.9233481 1.0136831 
BothJaLSZZ_clean.fasta.transdecoder.pep          0.5665492 0.7682707 1.2340498 0.7562940 0.3119468 2.0387687 0.3740420 0.6221620 0.4676883 0.4743773 0.6405973 0.5020661 0.3994712 0.2480788 0.6597384 0.6267075 0.4417925 0.3143858 1.6733250 0.5665492 0.9151512 1.1493407 1.1624993 0.9316817 0.9233481 0.3119468 0.3047003 0.3119468 0.2928514 0.6131932 2.2226311 0.2169484 0.3658451 1.0549437 1.4406433 0.0000000 0.6500763 0.4578195 0.3880094 0.7331685 0.4082433 0.3168368 0.5428294 0.3394537 0.3577804 0.3880094 0.2951988 
jpcyp2b_clean.fasta.transdecoder.pep             1.9046367 9.0000000 0.6000345 1.7534963 0.6898983 1.2188971 1.1240188 1.7534963 1.3961696 0.5276191 1.9672183 1.5435694 0.6267075 0.5625170 2.3482883 0.8760688 1.3553306 0.8540064 1.5729896 0.3994712 0.9942632 9.0000000 0.7219949 0.5092346 0.6453143 0.4232145 0.3795822 0.4232145 0.3880094 0.7388504 0.6000345 0.7275505 0.4710216 0.6176575 0.7219949 0.6500763 0.0000000 0.4811571 0.4082433 0.5276191 0.4743773 0.3658451 0.4053022 0.4023782 0.3551208 0.4141781 0.3577804 
BothPara_w_clean.fasta.transdecoder.pep          9.0000000 9.0000000 0.4053022 9.0000000 0.4985200 9.0000000 1.1365195 9.0000000 1.4644574 0.4880301 9.0000000 1.3753333 0.5872133 0.3740420 9.0000000 0.8398211 1.3360974 0.8192702 9.0000000 0.3318005 1.5435694 1.7118055 0.8260271 0.4578195 0.9755695 0.2523799 0.2011055 0.2312351 0.2744585 0.7931205 0.5165075 0.5788449 0.2677320 0.7331685 0.8260271 0.4578195 0.4811571 0.0000000 0.2589017 0.2632973 0.3420311 0.2438144 0.4324172 0.2250622 0.1914527 0.1354375 0.2011055 
AltLiz_clean.fasta.transdecoder.pep              1.6375955 9.0000000 0.5914506 9.0000000 0.4481418 9.0000000 0.8612529 1.3961696 0.9848290 0.4262633 1.8490239 1.0443050 0.4710216 0.3394537 9.0000000 0.7562940 0.9664783 0.7056891 9.0000000 0.3192999 1.0769252 1.7534963 0.5545487 0.4811571 0.7743683 0.2209888 0.1617593 0.1933684 0.2291690 0.6267075 0.7995308 0.4777557 0.2744585 0.5351664 0.7003699 0.3880094 0.4082433 0.2589017 0.0000000 0.4141781 0.2858745 0.2333098 0.2812768 0.1914527 0.2129404 0.2230213 0.1617593 
WhiteVanessaLIRS_clean                           9.0000000 9.0000000 0.1838624 9.0000000 0.6221620 9.0000000 1.2997178 9.0000000 9.0000000 0.6745910 9.0000000 1.8490239 0.6646404 0.5706143 9.0000000 0.8760688 1.9672183 1.0236835 9.0000000 0.4811571 0.9575495 1.1624993 0.9233481 0.2632973 0.7743683 0.4545728 0.4386478 0.4676883 0.4676883 0.9151512 0.3685625 0.6951067 0.3851845 0.7056891 0.6796415 0.7331685 0.5276191 0.2632973 0.4141781 0.0000000 0.4743773 0.3768044 0.5706143 0.4449571 0.3604542 0.2789937 0.4386478 
Vhilg_clean.fasta.transdecoder.pep               1.0658136 1.5157844 0.6500763 1.6375955 0.3524753 1.4644574 0.6951067 0.9575495 0.8760688 0.3937074 1.2041901 0.8468635 0.3768044 0.3071041 1.5157844 0.5128579 0.8060244 0.6043824 1.1365195 0.3851845 0.7622465 1.5729896 0.6548840 0.5276191 0.5545487 0.2610947 0.2291690 0.2789937 0.2835704 0.4743773 0.8192702 0.4053022 0.1933684 0.6312947 0.7622465 0.4082433 0.4743773 0.3420311 0.2858745 0.4743773 0.0000000 0.2149404 0.4023782 0.2545444 0.2610947 0.2812768 0.2169484 
LIRSCyp1_clean                                   1.0038789 1.7118055 0.5625170 1.5729896 0.3267627 1.6375955 0.6646404 0.9401564 0.8060244 0.3712947 1.1240188 0.7682707 0.3768044 0.2523799 1.4644574 0.5914506 0.7445976 0.5092346 1.8490239 0.3168368 0.9316817 1.7118055 0.7165003 0.4777557 0.6405973 0.2069879 0.1563829 0.2030586 0.2069879 0.5313785 0.7682707 0.3551208 0.1972220 0.6796415 0.7867913 0.3168368 0.3658451 0.2438144 0.2333098 0.3768044 0.2149404 0.0000000 0.3267627 0.1708505 0.1801100 0.1895443 0.1528305 
Chlorica_clean.fasta.transdecoder.pep            9.0000000 9.0000000 0.7682707 9.0000000 0.6359244 9.0000000 1.0658136 1.9046367 1.2997178 0.4743773 2.5165244 1.2340498 0.6221620 0.4578195 9.0000000 0.8836447 1.4644574 0.8760688 9.0000000 0.3795822 1.0882893 9.0000000 0.5128579 0.5276191 0.8060244 0.3368896 0.2333098 0.2975573 0.2835704 0.7003699 0.8612529 0.6405973 0.3994712 0.4610875 0.7275505 0.5428294 0.4053022 0.4324172 0.2812768 0.5706143 0.4023782 0.3267627 0.0000000 0.2502247 0.2881894 0.3192999 0.2374852 
K_marleyi_clean                                  1.5729896 9.0000000 0.7622465 9.0000000 0.3937074 9.0000000 0.8192702 1.3961696 0.9664783 0.3685625 1.8490239 0.9664783 0.4985200 0.2589017 9.0000000 0.8060244 0.9664783 0.6359244 9.0000000 0.3047003 1.5729896 9.0000000 0.6405973 0.4949988 0.8991499 0.1493032 0.0550763 0.1055779 0.1320303 0.5665492 1.0443050 0.4324172 0.2438144 0.6087684 0.9942632 0.3394537 0.4023782 0.2250622 0.1914527 0.4449571 0.2545444 0.1708505 0.2502247 0.0000000 0.1055779 0.1371498 0.0579960 
Jp_Melavar22_clean.fasta.transdecoder.pep        2.1222958 9.0000000 0.6043824 9.0000000 0.4513469 9.0000000 0.8836447 1.5729896 1.0338879 0.3823755 9.0000000 1.0338879 0.4880301 0.2610947 9.0000000 0.8836447 1.0549437 0.6500763 9.0000000 0.3420311 1.6042498 9.0000000 0.6847436 0.4643770 0.9575495 0.1510637 0.0743665 0.0975905 0.1303354 0.6131932 0.8612529 0.4676883 0.2589017 0.6312947 1.0236835 0.3577804 0.3551208 0.1914527 0.2129404 0.3604542 0.2610947 0.1801100 0.2881894 0.1055779 0.0000000 0.1088089 0.0804548 
GlovSkog_clean                                   9.0000000 9.0000000 0.4915023 9.0000000 0.4610875 9.0000000 0.9942632 2.3482883 1.2496760 0.4023782 9.0000000 1.3175768 0.5056375 0.2951988 9.0000000 0.9233481 1.1624993 0.6847436 9.0000000 0.3343386 1.6375955 9.0000000 0.7110655 0.4811571 1.0882893 0.1745338 0.1104323 0.1388680 0.1599608 0.7504116 0.6745910 0.4710216 0.2610947 0.6548840 0.9233481 0.3880094 0.4141781 0.1354375 0.2230213 0.2789937 0.2812768 0.1895443 0.3192999 0.1371498 0.1088089 0.0000000 0.1136949 
PRLMH_clean.fasta.transdecoder.pep               1.4644574 9.0000000 0.7622465 9.0000000 0.3823755 9.0000000 0.8328765 1.2824747 0.9151512 0.3420311 1.5435694 0.8991499 0.4449571 0.2209888 9.0000000 0.7805412 0.8836447 0.5830116 9.0000000 0.3047003 1.3360974 9.0000000 0.5957242 0.4743773 0.9316817 0.1120609 0.0295388 0.0804548 0.1088089 0.5506116 1.1118231 0.3851845 0.2109483 0.5665492 1.0136831 0.2951988 0.3577804 0.2011055 0.1617593 0.4386478 0.2169484 0.1528305 0.2374852 0.0579960 0.0804548 0.1136949 0.0000000 
