pos	G	A	T	C
0	0.205563	0.299662	0.287025	0.207749
1	0.269928	0.292797	0.233635	0.203639
2	0.227339	0.323187	0.245529	0.203945
3	0.209498	0.303816	0.278368	0.208318
4	0.269928	0.284839	0.242818	0.202415
5	0.237133	0.318071	0.246054	0.198742
6	0.211685	0.309020	0.270497	0.208799
7	0.263719	0.295290	0.233985	0.207006
8	0.222485	0.325068	0.250514	0.201934
9	0.210023	0.306571	0.278062	0.205344
10	0.265774	0.292098	0.237396	0.204732
11	0.227820	0.322925	0.244480	0.204776
12	0.213215	0.303073	0.278936	0.204776
13	0.265293	0.286063	0.243649	0.204994
14	0.236915	0.313917	0.242774	0.206394
15	0.202677	0.309413	0.277449	0.210460
16	0.271721	0.292141	0.236915	0.199223
17	0.230662	0.330052	0.241900	0.197386
18	0.217325	0.317765	0.250776	0.214133
19	0.322138	0.294197	0.189428	0.194238
20	0.000004	0.999987	0.000004	0.000004
21	0.000004	0.000004	0.999987	0.000004
22	0.999987	0.000004	0.000004	0.000004
23	0.267217	0.305828	0.231755	0.195200
24	0.191264	0.348986	0.265599	0.194150
25	0.277799	0.287550	0.234029	0.200622
26	0.230006	0.324936	0.241768	0.203289
27	0.213346	0.301805	0.269316	0.215533
28	0.264594	0.306440	0.225852	0.203114
29	0.225852	0.318246	0.256723	0.199179
30	0.207574	0.310856	0.278936	0.202633
31	0.270759	0.295159	0.238795	0.195287
32	0.228957	0.325680	0.242512	0.202852
