pos	G	A	T	C
0	0.247316	0.383321	0.236578	0.132785
1	0.215104	0.311739	0.326056	0.147101
2	0.240157	0.308160	0.318898	0.132785
3	0.272369	0.297423	0.258053	0.172155
4	0.193629	0.333214	0.293844	0.179313
5	0.229420	0.279528	0.329635	0.161417
6	0.225841	0.358268	0.258053	0.157838
7	0.222262	0.351110	0.279528	0.147101
8	0.200787	0.322477	0.326056	0.150680
9	0.190050	0.386901	0.243737	0.179313
10	0.232999	0.347530	0.290265	0.129205
11	0.229420	0.272369	0.351110	0.147101
12	0.232999	0.369005	0.218683	0.179313
13	0.164996	0.386901	0.272369	0.175734
14	0.254474	0.301002	0.318898	0.125626
15	0.193629	0.265211	0.318898	0.222262
16	0.186471	0.351110	0.164996	0.297423
17	0.236578	0.608805	0.107731	0.046886
18	0.179313	0.440587	0.182892	0.197208
19	0.157838	0.415533	0.136364	0.290265
20	0.000358	0.998926	0.000358	0.000358
21	0.000358	0.000358	0.998926	0.000358
22	0.998926	0.000358	0.000358	0.000358
23	0.376163	0.386901	0.125626	0.111310
24	0.225841	0.322477	0.143522	0.308160
25	0.326056	0.250895	0.311739	0.111310
26	0.318898	0.293844	0.197208	0.190050
27	0.222262	0.308160	0.218683	0.250895
28	0.275948	0.240157	0.301002	0.182892
29	0.254474	0.318898	0.197208	0.229420
30	0.164996	0.326056	0.272369	0.236578
31	0.229420	0.261632	0.318898	0.190050
32	0.304581	0.329635	0.168576	0.197208
