pos	G	A	T	C
0	0.348921	0.432854	0.145084	0.073141
1	0.181055	0.264988	0.432854	0.121103
2	0.133094	0.480815	0.348921	0.037170
3	0.252998	0.324940	0.336930	0.085132
4	0.181055	0.444844	0.288969	0.085132
5	0.085132	0.336930	0.468825	0.109113
6	0.300959	0.384892	0.288969	0.025180
7	0.145084	0.372902	0.324940	0.157074
8	0.121103	0.324940	0.480815	0.073141
9	0.145084	0.456835	0.288969	0.109113
10	0.157074	0.360911	0.432854	0.049161
11	0.145084	0.324940	0.480815	0.049161
12	0.205036	0.432854	0.241007	0.121103
13	0.169065	0.432854	0.300959	0.097122
14	0.336930	0.205036	0.384892	0.073141
15	0.049161	0.264988	0.516787	0.169065
16	0.085132	0.408873	0.217026	0.288969
17	0.085132	0.912470	0.001199	0.001199
18	0.217026	0.456835	0.133094	0.193046
19	0.073141	0.492806	0.097122	0.336930
20	0.001199	0.996403	0.001199	0.001199
21	0.001199	0.001199	0.996403	0.001199
22	0.996403	0.001199	0.001199	0.001199
23	0.480815	0.324940	0.109113	0.085132
24	0.336930	0.193046	0.013189	0.456835
25	0.312950	0.217026	0.432854	0.037170
26	0.348921	0.217026	0.229017	0.205036
27	0.217026	0.241007	0.169065	0.372902
28	0.276978	0.193046	0.360911	0.169065
29	0.300959	0.181055	0.264988	0.252998
30	0.121103	0.312950	0.312950	0.252998
31	0.241007	0.169065	0.372902	0.217026
32	0.264988	0.241007	0.157074	0.336930
